75
145 636
709 563
73 86
218 487
492 944
170 877
361 559
472 633
266 428
329 574
972 775
547 728
664 592
286 122
920 280
915 277
617 67
928 403
890 467
191 923
579 161
497 360
771 939
147 746
321 814
368 475
205 73
664 914
37 646
703 728
782 735
579 619
799 401
645 508
210 690
628 835
973 788
506 903
650 745
338 652
129 971
45 705
621 111
534 486
991 435
171 238
634 775
953 749
36 434
902 599
436 245
810 531
435 410
932 318
969 863
835 271
753 875
763 657
920 375
588 76
313 913
689 536
65 946
382 643
21 876
899 285
593 456
643 710
805 806
670 354
624 554
208 284
940 379
531 971
48 861